P=550; U=220; f=50; p=2;
Rs=16.39; Rr=15.08; 
Ls=0.663; Lr=0.7015;
M=0.624; J=0.0011;